
1.3
1.1 them
2.1 them
2.2. them
1.1 them
1.2 them tiep
2.2 add
2.3 add
1.1
1.2
2
5
6
7
them vai dong

12011630
12007408
12007985
12016789
12020191
12037357
12001733
12020169
12009460
12015531
12016846

12011630
12007408
12007985
12016789
12020191
12037357
12001733
12020169
12009460
12015531
12016846

12011630
12007408
12007985
12016789
12020191
12037357
12001733
12020169
12009460
12015531
12016846

12011630
12007408
12007985
12016789
12020191
12037357
12001733
12020169
12009460
12015531
12016846
12011630
12007408
12007985
12016789
12020191
12037357
12001733
12020169
12009460
12015531
12016846
12011630
12007408
12007985
12016789
12020191
12037357
12001733
12020169
12009460
12015531
12016846
12011630
12007408
12007985
12016789
12020191
12037357
12001733
12020169
12009460
12015531
12016846
12011630
12007408
12007985
12016789
12020191
12037357
12001733
12020169
12009460
12015531
12016846


