

3
4
5

namlx
nam3
nam45
nam5
nam1
nam2
nam3
nam12
nam22
nam32
them 4 dong

12011630
12007408
12007985
12016789
12020191
12037357
12001733
12020169
12009460
12015531
12016846
12011630
12007408
12007985
12016789
12020191
12037357
12001733
12020169
12009460
12015531
12016846
12011630
12007408
12007985
12016789
12020191
12037357
12001733
12020169
12009460
12015531
12016846
12011630
12007408
12007985
12016789
12020191
12037357
12001733
12020169
12009460
12015531
12016846
12011630
12007408
12007985
12016789
12020191
12037357
12001733
12020169
12009460
12015531
12016846
12011630
12007408
12007985
12016789
12020191
12037357
12001733
12020169
12009460
12015531
12016846
12011630
12007408
12007985
12016789
12020191
12037357
12001733
12020169
12009460
12015531
12016846
12011630
12007408
12007985
12016789
12020191
12037357
12001733
12020169
12009460
12015531
12016846
12011630
12007408
12007985
12016789
12020191
12037357
12001733
12020169
12009460
12015531
12016846
12011630
12007408
12007985
12016789
12020191
12037357
12001733
12020169
12009460
12015531
12016846
12011630
12007408
12007985
12016789
12020191
12037357
12001733
12020169
12009460
12015531
12016846
